## htsjdk.samtools.metrics.StringHeader
# CollectInsertSizeMetrics HISTOGRAM_FILE=/Users/azadehnikouee/Desktop/GATK_germline_variant_calling/aligned_read/insert_size_histogram.pdf INPUT=/Users/azadehnikouee/Desktop/GATK_germline_variant_calling/aligned_read/SRR070802_sorted_dedup_bqsr_reads.bam OUTPUT=/Users/azadehnikouee/Desktop/GATK_germline_variant_calling/aligned_read/insert_size_metrics.txt    DEVIATIONS=10.0 MINIMUM_PCT=0.05 METRIC_ACCUMULATION_LEVEL=[ALL_READS] INCLUDE_DUPLICATES=false ASSUME_SORTED=true STOP_AFTER=0 VERBOSITY=INFO QUIET=false VALIDATION_STRINGENCY=STRICT COMPRESSION_LEVEL=2 MAX_RECORDS_IN_RAM=500000 CREATE_INDEX=false CREATE_MD5_FILE=false USE_JDK_DEFLATER=false USE_JDK_INFLATER=false
## htsjdk.samtools.metrics.StringHeader
# Started on: Sun Jun 29 02:05:54 CDT 2025

## METRICS CLASS	picard.analysis.InsertSizeMetrics
MEDIAN_INSERT_SIZE	MODE_INSERT_SIZE	MEDIAN_ABSOLUTE_DEVIATION	MIN_INSERT_SIZE	MAX_INSERT_SIZE	MEAN_INSERT_SIZE	STANDARD_DEVIATION	READ_PAIRS	PAIR_ORIENTATION	WIDTH_OF_10_PERCENT	WIDTH_OF_20_PERCENT	WIDTH_OF_30_PERCENT	WIDTH_OF_40_PERCENT	WIDTH_OF_50_PERCENT	WIDTH_OF_60_PERCENT	WIDTH_OF_70_PERCENT	WIDTH_OF_80_PERCENT	WIDTH_OF_90_PERCENT	WIDTH_OF_95_PERCENT	WIDTH_OF_99_PERCENT	SAMPLE	LIBRARY	READ_GROUP
231	188	52	2	240574504	247.628172	84.388301	27538909	FR	21	41	63	83	105	127	153	189	263	355	581			

## HISTOGRAM	java.lang.Integer
insert_size	All_Reads.fr_count
2	38
3	40
4	33
5	43
6	35
7	39
8	50
9	31
10	29
11	40
12	35
13	49
14	56
15	47
16	59
17	59
18	66
19	555
20	374
21	191
22	144
23	174
24	122
25	113
26	117
27	97
28	120
29	116
30	123
31	107
32	108
33	82
34	117
35	123
36	101
37	116
38	126
39	125
40	116
41	114
42	124
43	147
44	131
45	124
46	116
47	148
48	127
49	118
50	121
51	118
52	161
53	134
54	143
55	147
56	166
57	191
58	191
59	185
60	195
61	185
62	203
63	198
64	207
65	220
66	208
67	194
68	236
69	247
70	200
71	245
72	277
73	272
74	321
75	304
76	323
77	299
78	327
79	376
80	392
81	401
82	435
83	510
84	567
85	572
86	649
87	731
88	845
89	877
90	955
91	1105
92	1167
93	1335
94	1540
95	1701
96	1932
97	2069
98	2372
99	2562
100	3029
101	3257
102	3663
103	4183
104	4543
105	5076
106	5633
107	6372
108	6940
109	7571
110	8437
111	9353
112	10091
113	11220
114	12168
115	13477
116	14647
117	16058
118	17653
119	19171
120	20668
121	22370
122	24311
123	26126
124	28322
125	30334
126	32988
127	35114
128	37229
129	39780
130	42149
131	44769
132	47477
133	50338
134	53501
135	56713
136	59515
137	62455
138	65828
139	69263
140	71717
141	74560
142	78474
143	81250
144	84831
145	87900
146	91028
147	93976
148	97288
149	100213
150	102696
151	105504
152	108801
153	112070
154	114494
155	117139
156	119903
157	122870
158	124443
159	127315
160	129641
161	132072
162	134049
163	136333
164	138358
165	140456
166	141276
167	143726
168	145165
169	146819
170	147972
171	148990
172	149798
173	150737
174	152399
175	153172
176	153753
177	155509
178	156007
179	156173
180	155971
181	157572
182	156937
183	156671
184	156562
185	157957
186	157767
187	157576
188	158634
189	158179
190	158259
191	158185
192	157761
193	156901
194	157179
195	156007
196	156147
197	156554
198	155714
199	155447
200	155838
201	153867
202	154218
203	153198
204	152699
205	152021
206	151712
207	151513
208	150480
209	149697
210	149328
211	148836
212	147843
213	146874
214	146347
215	145404
216	144874
217	144604
218	144017
219	143140
220	143334
221	142141
222	141424
223	140572
224	139708
225	139177
226	138608
227	137878
228	137700
229	136589
230	135402
231	134956
232	134701
233	133906
234	132933
235	132105
236	130540
237	130240
238	129637
239	128284
240	128870
241	128351
242	127257
243	125873
244	125029
245	124055
246	123393
247	123021
248	121418
249	121679
250	121061
251	119936
252	119539
253	118971
254	118508
255	116366
256	116195
257	115001
258	114779
259	112903
260	113316
261	112031
262	112265
263	110800
264	109620
265	109674
266	107961
267	106797
268	106541
269	105976
270	105609
271	103966
272	103307
273	102335
274	102290
275	101017
276	99686
277	99058
278	98266
279	97923
280	96849
281	96061
282	95726
283	94655
284	94328
285	93079
286	91975
287	91461
288	90971
289	89192
290	89746
291	88129
292	87596
293	86691
294	85981
295	85267
296	84180
297	83651
298	81965
299	81432
300	80812
301	80116
302	79543
303	78388
304	77947
305	77204
306	76426
307	75235
308	74485
309	74338
310	72970
311	72595
312	71248
313	71076
314	70382
315	69285
316	69105
317	68486
318	67135
319	66229
320	65715
321	64907
322	64096
323	63031
324	63028
325	62284
326	61730
327	60860
328	60395
329	59128
330	58047
331	57534
332	56992
333	56326
334	56042
335	55313
336	54713
337	53884
338	53428
339	52913
340	52404
341	51589
342	50507
343	50016
344	49535
345	48952
346	48140
347	47707
348	46872
349	46547
350	45872
351	45483
352	44678
353	43741
354	43654
355	43178
356	42776
357	41436
358	41467
359	40813
360	40691
361	39661
362	39089
363	38368
364	37915
365	37465
366	36933
367	36759
368	35844
369	35241
370	35302
371	34549
372	34037
373	33869
374	33382
375	32511
376	32013
377	31639
378	31863
379	30868
380	30654
381	30299
382	29751
383	29494
384	28914
385	28397
386	28094
387	27501
388	27572
389	26813
390	26567
391	26066
392	25669
393	25473
394	25182
395	24555
396	23915
397	24117
398	23416
399	23196
400	23052
401	22702
402	22223
403	21783
404	21539
405	21146
406	20955
407	20368
408	20490
409	20044
410	19903
411	19395
412	19417
413	18800
414	18777
415	18226
416	18167
417	17582
418	17404
419	17208
420	17045
421	16731
422	16446
423	16317
424	15845
425	15753
426	15311
427	15402
428	14929
429	14745
430	14628
431	14278
432	14210
433	13789
434	13497
435	13508
436	13570
437	12827
438	12873
439	12638
440	12593
441	12387
442	12098
443	11825
444	11630
445	11677
446	11387
447	11262
448	11183
449	10795
450	10632
451	10771
452	10385
453	10316
454	9988
455	9956
456	9667
457	9381
458	9491
459	9235
460	9174
461	9149
462	8884
463	8851
464	8602
465	8594
466	8352
467	8232
468	8172
469	7952
470	7944
471	7683
472	7684
473	7487
474	7419
475	7226
476	6980
477	7186
478	6866
479	6707
480	6717
481	6626
482	6519
483	6420
484	6337
485	6197
486	6143
487	5977
488	5921
489	6072
490	5852
491	5873
492	5495
493	5577
494	5418
495	5482
496	5262
497	5095
498	5078
499	5000
500	4976
501	4913
502	4757
503	4650
504	4789
505	4524
506	4568
507	4532
508	4365
509	4394
510	4246
511	4177
512	4147
513	4048
514	4007
515	3934
516	3842
517	3833
518	3803
519	3712
520	3679
521	3713
522	3684
523	3509
524	3456
525	3506
526	3311
527	3382
528	3207
529	3228
530	3156
531	3099
532	3084
533	3005
534	3025
535	2852
536	2965
537	2815
538	2768
539	2805
540	2727
541	2662
542	2609
543	2627
544	2695
545	2528
546	2550
547	2451
548	2410
549	2448
550	2416
551	2391
552	2299
553	2183
554	2299
555	2257
556	2124
557	2234
558	2104
559	2138
560	2108
561	2043
562	1998
563	2052
564	1922
565	1906
566	1847
567	1859
568	1861
569	1805
570	1744
571	1806
572	1733
573	1688
574	1651
575	1659
576	1676
577	1582
578	1606
579	1648
580	1574
581	1566
582	1518
583	1477
584	1484
585	1451
586	1430
587	1352
588	1391
589	1338
590	1349
591	1331
592	1356
593	1301
594	1286
595	1298
596	1239
597	1264
598	1220
599	1231
600	1164
601	1213
602	1204
603	1235
604	1121
605	1125
606	1077
607	1096
608	1054
609	1051
610	1082
611	1032
612	1004
613	1066
614	1025
615	996
616	1000
617	929
618	909
619	944
620	927
621	915
622	885
623	858
624	806
625	842
626	811
627	803
628	764
629	753
630	718
631	750
632	657
633	705
634	638
635	677
636	693
637	679
638	650
639	667
640	620
641	660
642	647
643	604
644	593
645	602
646	573
647	602
648	552
649	600
650	570
651	623
652	601
653	594
654	506
655	511
656	506
657	503
658	526
659	559
660	486
661	493
662	479
663	487
664	481
665	491
666	449
667	509
668	492
669	445
670	429
671	434
672	446
673	431
674	412
675	407
676	424
677	423
678	415
679	415
680	400
681	378
682	381
683	370
684	351
685	439
686	387
687	358
688	342
689	361
690	350
691	349
692	337
693	313
694	302
695	364
696	334
697	305
698	323
699	315
700	311
701	311
702	335
703	322
704	302
705	307
706	290
707	280
708	286
709	263
710	280
711	282
712	258
713	246
714	266
715	251
716	245
717	234
718	267
719	260
720	250
721	227
722	259
723	269
724	260
725	228
726	237
727	247
728	226
729	220
730	222
731	235
732	248
733	210
734	231
735	240
736	243
737	214
738	241
739	224
740	211
741	202
742	211
743	196
744	170
745	205
746	215
747	205
748	177
749	181
750	183
751	182

